1	7.652900
2	6.479200
3	7.249900
4	6.333400
5	5.657100
6	4.513600
7	3.300100
8	3.268000
9	2.165700
10	1.679700
11	2.076200
12	1.306900
13	1.193000
14	1.327800
15	0.788100
16	1.137900
17	0.938900
18	0.869100
19	1.443000
20	1.214000
21	1.167500
22	1.231600
23	1.318300
24	1.000100
25	1.110600
26	0.916400
27	0.918400
28	0.894100
29	0.635000
30	1.027200
31	1.200200
32	0.738100
33	0.680200
34	1.048100
35	1.108500
36	0.825900
37	0.848500
38	1.283000
39	0.677700
40	0.572800
41	0.602800
42	0.922800
43	0.916700
44	1.099900
45	1.547100
46	0.894000
47	0.578400
48	0.785400
49	0.676700
50	1.340500
51	0.694900
52	1.377200
53	0.928100
54	0.713500
55	0.901500
56	0.604600
57	0.838700
58	0.813100
59	0.979900
60	0.747100
61	1.143000
62	0.930200
63	0.826800
64	0.820200
65	1.175800
66	1.056300
67	0.736500
68	1.106700
69	0.776300
70	1.090600
71	0.899100
72	0.644300
73	1.188800
74	1.002000
75	0.655200
76	0.607700
77	1.372800
78	1.156000
79	0.392700
80	1.218800
81	1.021200
82	1.072200
83	0.632700
84	1.374500
85	0.791800
86	0.911700
87	0.860200
88	0.811100
89	1.048600
90	0.829800
91	0.768400
92	0.964600
93	0.665400
94	0.717000
95	0.831100
96	1.250400
97	0.661800
98	0.665800
99	1.286300
100	0.873900
101	0.819300
102	1.253000
103	0.475100
104	0.845500
105	0.373700
106	0.369300
107	0.687300
108	0.621900
109	0.488000
110	0.889000
111	0.815900
112	0.561400
113	0.622700
114	1.533200
115	0.915600
116	0.985800
117	0.605500
118	0.917800
119	1.084300
120	0.451100
121	0.402300
122	0.675800
123	0.695400
124	0.973500
125	0.680700
126	0.398400
127	0.743400
128	0.482000
129	0.894200
130	0.641700
131	1.130900
132	0.648300
133	0.858600
134	0.575600
135	0.515300
136	0.631600
137	1.074000
138	0.703800
139	0.601400
140	0.515500
141	0.919600
142	0.691300
143	0.861500
144	0.837900
145	1.025400
146	0.591800
147	1.001900
148	0.981800
149	1.043000
150	0.481800
151	0.766300
152	0.661300
153	0.780700
154	0.651800
155	0.913900
156	0.862700
157	0.856900
158	0.773000
159	0.789300
160	0.692700
161	0.759800
162	0.774100
163	0.819200
164	0.753600
165	0.869300
166	0.844100
167	1.062900
168	0.742400
169	0.318700
170	1.526900
171	0.439600
172	0.679400
173	0.957200
174	1.134900
175	1.079500
176	0.966400
177	0.924600
178	0.399200
179	0.607400
180	1.142000
181	0.828000
182	0.611700
183	0.907200
184	0.755800
185	0.836800
186	0.603200
187	0.865300
188	0.689000
189	0.788500
190	0.816500
191	0.593200
192	0.898800
193	0.701700
194	0.381800
195	0.658400
196	0.765900
197	0.679300
198	0.515300
199	0.572800
200	0.698600
201	1.059100
202	0.860100
203	0.812900
204	0.878100
205	0.451700
206	0.708200
207	0.572500
208	0.723500
209	1.126300
210	0.943100
211	0.815000
212	0.839800
213	0.521000
214	0.772400
215	0.596900
216	0.362300
217	0.753700
218	0.812800
219	0.600400
220	1.003700
221	0.450500
222	0.552600
223	0.595300
224	0.750900
225	0.595700
226	0.624000
227	0.628300
228	0.635900
229	0.804200
230	0.850900
231	0.992100
232	0.983200
233	0.577600
234	0.727300
235	0.589500
236	0.930400
237	0.588800
238	0.575200
239	0.408900
240	0.558000
241	0.853100
242	0.167900
243	0.631100
244	0.574900
245	0.693400
246	0.531500
247	0.746800
248	0.493600
249	0.823500
250	0.375200
251	0.513500
252	0.375400
253	0.612300
254	0.298300
255	0.715100
256	0.721000
257	0.929800
258	0.809700
259	0.401200
260	0.532900
261	0.599200
262	1.544700
263	0.704900
264	0.776900
265	0.696300
266	0.279200
267	0.359400
268	0.636100
269	0.601700
270	0.396300
271	0.792500
272	0.494200
273	0.528700
274	0.654700
275	0.691300
276	0.896000
277	0.657300
278	0.395400
279	0.435100
280	0.436700
281	0.564900
282	0.495100
283	0.712000
284	0.468200
285	0.619700
286	1.261300
287	0.540200
288	0.465000
289	0.762500
290	0.639900
291	0.521800
292	0.773600
293	0.835200
294	0.321600
295	0.356200
296	0.597500
297	0.945100
298	0.606000
299	0.909000
300	0.781200
301	0.518000
302	0.624600
303	0.790500
304	0.959400
305	0.480100
306	0.404300
307	0.332100
308	0.399300
309	0.724700
310	0.453500
311	0.746500
312	0.493800
313	0.538800
314	0.398800
315	0.383800
316	0.521000
317	0.534000
318	0.609700
319	0.400000
320	0.203000
321	0.998000
322	0.603000
323	0.437800
324	0.444900
325	0.650800
326	0.721900
327	0.538700
328	0.241400
329	0.399100
330	0.426500
331	0.857900
332	0.477000
333	0.801700
334	0.665900
335	0.650000
336	0.556200
337	0.445000
338	0.715100
339	0.932000
340	0.377200
341	0.453700
342	0.793400
343	0.809400
344	0.376200
345	0.897600
346	0.544200
347	0.460400
348	0.746300
349	0.798500
350	0.383900
351	0.389500
352	0.491900
353	0.583800
354	0.919500
355	0.585000
356	0.403700
357	0.747100
358	0.251200
359	0.578400
360	0.648400
361	0.634200
362	0.386100
363	0.983000
364	0.318100
365	0.421800
366	0.680200
367	0.908600
368	0.630900
369	0.510300
370	0.375700
371	0.599800
372	0.517900
373	0.514100
374	0.479400
375	0.288200
376	0.234600
377	0.397400
378	0.498100
379	0.989800
380	0.281600
381	0.514700
382	0.353700
383	1.104600
384	0.544800
385	0.852000
386	0.517300
387	0.755800
388	0.410800
389	0.683800
390	0.689100
391	0.336900
392	0.817400
393	0.760400
394	0.731600
395	0.137000
396	0.380900
397	0.969200
398	0.660400
399	0.649600
400	0.632400
401	0.977800
402	0.896600
403	0.657200
404	0.349700
405	0.408700
406	0.680600
407	0.371200
408	0.434000
409	0.864000
410	0.635900
411	0.760800
412	0.651000
413	0.469200
414	0.428700
415	0.379900
416	0.557900
417	0.487500
418	0.675900
419	0.486200
420	0.390300
421	0.961400
422	0.353700
423	0.374500
424	0.773800
425	0.755700
426	0.675300
427	0.563900
428	1.018900
429	0.585600
430	0.554400
431	0.517100
432	0.486500
433	0.416300
434	0.822400
435	0.464800
436	0.182300
437	0.612300
438	0.767400
439	0.733600
440	0.306000
441	0.601300
442	0.377300
443	0.441600
444	0.277200
445	0.611900
446	0.349600
447	0.913600
448	0.761300
449	0.321300
450	0.813200
451	0.652400
452	0.678300
453	0.645500
454	0.611300
455	0.501400
456	0.598700
457	0.592300
458	0.399200
459	0.568200
460	0.781900
461	0.295400
462	0.376000
463	0.537400
464	0.420700
465	0.344500
466	0.227400
467	0.345300
468	0.438500
469	0.665800
470	0.312300
471	0.309000
472	0.289500
473	0.624200
474	0.544300
475	0.408000
476	0.551800
477	0.527800
478	0.484800
479	0.367100
480	0.534900
481	0.489700
482	0.253900
483	0.135300
484	0.512000
485	0.147100
486	0.447600
487	0.800700
488	0.395700
489	0.537500
490	0.171200
491	0.075600
492	0.832600
493	0.891700
494	0.642900
495	0.738700
496	0.325300
497	0.780400
498	0.690500
499	0.825500
500	0.527000
501	0.737200
502	0.759500
503	0.430000
504	0.293500
505	0.310800
506	0.586400
507	1.020100
508	0.416700
509	0.623900
510	0.492900
511	0.222100
512	0.355800
513	0.343000
514	0.335200
515	0.354900
516	0.551000
517	0.374600
518	0.417000
519	0.482300
520	0.389200
521	0.728400
522	0.632300
523	0.472400
524	0.856000
525	0.524600
526	0.561900
527	0.542700
528	0.141900
529	0.607300
530	0.431400
531	0.443200
532	0.218000
533	0.327900
534	0.326800
535	0.312800
536	0.374500
537	0.908800
538	0.720200
539	0.656000
540	0.713400
541	0.851700
542	0.394000
543	0.332200
544	0.287000
545	0.446700
546	0.740400
547	0.521000
548	0.436800
549	0.345100
550	0.384900
551	0.295900
552	1.176300
553	0.442600
554	0.733200
555	0.723400
556	0.370800
557	0.179400
558	0.560200
559	0.347500
560	0.554700
561	0.674700
562	0.128100
563	0.836700
564	0.674400
565	0.490000
566	0.861800
567	0.339400
568	0.321300
569	0.631900
570	0.392600
571	0.243200
572	0.818700
573	0.422000
574	0.571900
575	0.370400
576	0.570500
577	0.488200
578	1.022500
579	0.350300
580	0.452500
581	0.233100
582	0.777900
583	0.447500
584	0.254200
585	0.509700
586	0.378300
587	0.208500
588	0.596900
589	0.717600
590	0.159800
591	0.544200
592	1.062200
593	0.320200
594	0.328500
595	0.432800
596	0.266400
597	0.286500
598	0.322700
599	0.780900
600	0.369400
601	0.317100
602	1.052000
603	0.535500
604	0.347700
605	0.420000
606	1.204600
607	0.275600
608	0.403500
609	0.846800
610	0.774200
611	0.371100
612	0.328600
613	0.343400
614	0.860100
615	0.767200
616	0.293000
617	0.975700
618	0.635400
619	0.882200
620	0.476600
621	0.349800
622	0.300500
623	0.740100
624	0.620300
625	0.344300
626	0.614400
627	0.648500
628	0.640700
629	0.276800
630	0.364600
631	0.549700
632	0.933100
633	0.268700
634	0.432100
635	0.577600
636	0.833000
637	0.696800
638	0.433100
639	0.581200
640	0.449000
641	0.453700
642	0.344300
643	0.626000
644	0.436600
645	0.530200
646	0.718700
647	0.524700
648	0.688200
649	0.512900
650	0.408400
651	0.512200
652	0.312800
653	0.205200
654	0.513300
655	0.352300
656	0.417600
657	0.759300
658	0.536300
659	0.408800
660	0.388300
661	0.785300
662	0.432600
663	0.345000
664	0.520100
665	0.396500
666	0.625700
667	0.260500
668	0.288300
669	0.436400
670	0.315900
671	0.465700
672	0.996100
673	0.484300
674	0.397900
675	0.370200
676	0.857700
677	0.154100
678	0.268700
679	0.569700
680	0.168800
681	0.575500
682	0.416500
683	0.588600
684	0.307200
685	0.209300
686	0.807200
687	0.377400
688	0.501900
689	0.283400
690	0.760900
691	0.351900
692	0.392600
693	0.580300
694	0.086700
695	0.797600
696	0.269900
697	1.092300
698	0.365500
699	0.462200
700	0.460500
701	0.203800
702	0.625300
703	0.277300
704	0.715800
705	0.441700
706	0.369500
707	0.366900
708	0.642600
709	0.400400
710	0.462000
711	0.679400
712	0.604400
713	0.676400
714	0.588300
715	0.448200
716	0.185400
717	0.444900
718	0.667100
719	0.625000
720	0.710900
721	0.452100
722	0.367200
723	0.187000
724	0.603200
725	0.762900
726	0.379300
727	0.216500
728	0.450700
729	0.684300
730	0.365400
731	0.862000
732	1.026200
733	0.415100
734	0.309700
735	0.672300
736	0.440100
737	0.591700
738	0.630100
739	0.425400
740	0.717900
741	0.262200
742	0.100100
743	0.857400
744	0.474100
745	0.172300
746	0.390400
747	0.409400
748	0.235400
749	0.524700
750	0.444500
751	0.380600
752	0.567300
753	0.364000
754	0.499500
755	0.536900
756	0.294400
757	0.359800
758	0.541100
759	0.569700
760	0.535800
761	0.704000
762	0.946800
763	0.414300
764	0.319400
765	0.664700
766	0.292500
767	0.437700
768	0.181700
769	0.405100
770	0.250600
771	0.756600
772	0.634200
773	0.441700
774	0.454200
775	0.688600
776	0.441600
777	0.290200
778	0.650700
779	0.412000
780	0.296100
781	0.375900
782	0.200000
783	0.482500
784	0.703000
785	0.714200
786	0.833500
787	0.350800
788	0.677000
789	0.413100
790	0.498300
791	0.803500
792	0.259100
793	0.581300
794	0.762600
795	0.154600
796	0.497700
797	0.825600
798	0.434600
799	0.203800
800	0.707900
801	0.588300
802	0.568800
803	0.445200
804	0.681800
805	0.491500
806	0.413300
807	0.523700
808	0.498800
809	0.434900
810	0.297300
811	0.240000
812	0.495100
813	0.362800
814	0.375200
815	0.207700
816	0.493600
817	0.462000
818	0.850900
819	0.884800
820	0.256200
821	1.037600
822	0.526900
823	0.665700
824	0.407600
825	0.446800
826	0.896600
827	0.397200
828	0.243800
829	0.181100
830	0.303000
831	0.417100
832	0.432800
833	0.364100
834	0.327800
835	0.403700
836	0.531200
837	0.770200
838	0.945600
839	0.274700
840	0.448300
841	0.287300
842	0.496100
843	0.059100
844	0.385900
845	0.399800
846	0.360800
847	0.220300
848	0.535500
849	0.454300
850	0.109700
851	0.476800
852	0.416100
853	0.577900
854	0.434000
855	0.904500
856	0.446500
857	0.510900
858	0.322000
859	0.385400
860	0.277300
861	0.510900
862	0.793100
863	0.400600
864	0.340200
865	0.345800
866	0.442800
867	0.959600
868	0.365200
869	0.424800
870	0.252200
871	0.594700
872	0.462800
873	0.275200
874	0.425500
875	0.131300
876	0.539000
877	0.355800
878	0.668000
879	0.812500
880	0.308400
881	0.126300
882	0.301400
883	0.389300
884	0.594700
885	0.488400
886	0.326300
887	0.451400
888	0.180300
889	0.724200
890	0.304500
891	1.102800
892	0.273400
893	0.362300
894	0.572200
895	0.398000
896	0.641800
897	0.888900
898	0.130300
899	0.149700
900	0.523300
901	0.859500
902	0.545300
903	0.410100
904	0.351600
905	0.519600
906	0.592300
907	0.483600
908	0.667400
909	0.494800
910	0.247000
911	0.270000
912	0.408100
913	0.297300
914	0.233100
915	0.246000
916	0.785800
917	0.386800
918	0.354300
919	0.390800
920	0.424500
921	0.666300
922	0.837900
923	0.284600
924	0.522300
925	0.475300
926	0.332700
927	0.361700
928	0.318400
929	0.466500
930	0.301600
931	0.295100
932	0.449600
933	0.357800
934	0.584000
935	0.317200
936	0.381700
937	0.413600
938	0.591900
939	0.254500
940	0.252800
941	0.468100
942	0.911300
943	0.275000
944	0.312700
945	0.308300
946	0.314100
947	0.130200
948	0.139300
949	0.569800
950	0.563800
951	0.846400
952	0.436100
953	0.745000
954	0.781300
955	0.293000
956	0.406500
957	0.651400
958	0.403700
959	0.192300
960	0.355500
961	0.858700
962	0.411800
963	0.602100
964	0.562700
965	0.490800
966	0.678500
967	0.386200
968	0.489200
969	0.252200
970	0.191000
971	0.117900
972	0.189500
973	0.735600
974	0.427700
975	0.293700
976	0.298900
977	0.235400
978	0.437300
979	0.224200
980	0.458300
981	0.528400
982	0.455800
983	0.477300
984	0.302100
985	0.244900
986	0.718200
987	0.284800
988	0.209600
989	0.444100
990	0.185100
991	0.364600
992	0.475600
993	0.358400
994	0.192500
995	0.298200
996	0.614700
997	0.640200
998	0.566200
999	0.169600
1000	1.524900
1001	0.315900
1002	0.462800
1003	0.233800
1004	0.435900
1005	0.299200
1006	0.252800
1007	0.430900
1008	0.153100
1009	0.583300
1010	0.406700
1011	0.180200
1012	0.537400
1013	0.168100
1014	0.408000
1015	0.714200
1016	0.177400
1017	0.403400
1018	0.299800
1019	0.407600
1020	0.146700
1021	0.174600
1022	0.243900
1023	0.241300
1024	0.467200
1025	0.150400
1026	0.234600
1027	0.148500
1028	0.272400
1029	0.267000
1030	0.348600
1031	0.238000
1032	0.108900
1033	0.226700
1034	0.373400
1035	0.283700
1036	0.296700
1037	0.224800
1038	0.129800
1039	0.409100
1040	0.160700
1041	0.344600
1042	0.207300
1043	0.174600
1044	0.132500
1045	0.434000
1046	0.339200
1047	0.249600
1048	0.135800
1049	0.164200
1050	0.260200
1051	0.240700
1052	0.197100
1053	0.526700
1054	0.706300
1055	0.125300
1056	0.230000
1057	0.315600
1058	0.323700
1059	0.493100
1060	0.393100
1061	0.229700
1062	0.512100
1063	0.305700
1064	0.685000
1065	0.244000
1066	0.251500
1067	0.308300
1068	0.454400
1069	0.451600
1070	0.312300
1071	0.264200
1072	0.126000
1073	0.367500
1074	0.289600
1075	0.324600
1076	0.962000
1077	1.191800
1078	0.552500
1079	0.352200
1080	0.266000
1081	0.401600
1082	0.088200
1083	0.604400
1084	0.564500
1085	0.219600
1086	0.350100
1087	0.097300
1088	0.429500
1089	0.166200
1090	0.423100
1091	0.247000
1092	0.285300
1093	0.525600
1094	0.379400
1095	0.343600
1096	0.122100
1097	0.414700
1098	0.330000
1099	0.557800
1100	0.213600
1101	0.357000
1102	0.419300
1103	0.159400
1104	0.382800
1105	0.281100
1106	0.349000
1107	0.293300
1108	0.155300
1109	0.278800
1110	0.138700
1111	0.201000
1112	0.348700
1113	0.427600
1114	0.260200
1115	0.292300
1116	0.197500
1117	0.334900
1118	0.386000
1119	0.252600
1120	0.453900
1121	0.533600
1122	0.339500
1123	0.315400
1124	0.040800
1125	0.269600
1126	0.520000
1127	0.604100
1128	0.377100
1129	0.308900
1130	0.154300
1131	0.093100
1132	0.421400
1133	0.187000
1134	0.264600
1135	0.296400
1136	0.350200
1137	0.310700
1138	0.523600
1139	0.272100
1140	0.167000
1141	0.296000
1142	0.027700
1143	0.170400
1144	0.308900
1145	0.432700
1146	0.328800
1147	0.810300
1148	0.206100
1149	0.659800
1150	0.294600
1151	0.111000
1152	0.331900
1153	0.163000
1154	0.253600
1155	0.350600
1156	0.391000
1157	0.304000
1158	0.185600
1159	0.365800
1160	0.231300
1161	0.275800
1162	0.107000
1163	0.259700
1164	0.385800
1165	0.213500
1166	0.426300
1167	0.412900
1168	0.587000
1169	0.441900
1170	0.118200
1171	0.290900
1172	0.620900
1173	0.742800
1174	0.456000
1175	0.190300
1176	0.298400
1177	0.746500
1178	0.632200
1179	0.490800
1180	0.583000
1181	0.478100
1182	0.618800
1183	0.108300
1184	0.683000
1185	0.246100
1186	0.221000
1187	0.256700
1188	0.118300
1189	0.338200
1190	0.504700
1191	0.044600
1192	0.440800
1193	0.429900
1194	0.228000
1195	0.187000
1196	0.283400
1197	0.286600
1198	0.244900
1199	0.407900
1200	0.239700
1201	0.224000
1202	0.170200
1203	0.175200
1204	0.269100
1205	0.234000
1206	0.284000
1207	0.147900
1208	0.138900
1209	0.334000
1210	0.107100
1211	0.476300
1212	0.318400
1213	0.496800
1214	0.173400
1215	0.239000
1216	0.368300
1217	0.265400
1218	0.258300
1219	0.442100
1220	0.334300
1221	0.342500
1222	0.466300
1223	0.347000
1224	0.376700
1225	0.292800
1226	0.505000
1227	0.224100
1228	0.243900
1229	0.468900
1230	0.111500
1231	0.298600
1232	0.400000
1233	0.119500
1234	0.300300
1235	0.139600
1236	0.283100
1237	0.265200
1238	0.245600
1239	0.113200
1240	0.459700
1241	0.312400
1242	0.032000
1243	0.273500
1244	0.754500
1245	0.273600
1246	0.383400
1247	0.315200
1248	0.050500
1249	0.048300
1250	0.282600
1251	0.231500
1252	0.219700
1253	0.398800
1254	0.230600
1255	0.429000
1256	0.352500
1257	0.595800
1258	0.328600
1259	0.413200
1260	0.114800
1261	0.026600
1262	0.513000
1263	0.214800
1264	0.219900
1265	0.552900
1266	0.529500
1267	0.187200
1268	0.218300
1269	0.513100
1270	0.348200
1271	0.101000
1272	0.341300
1273	0.393600
1274	0.084500
1275	0.232200
1276	0.104200
1277	0.417800
1278	0.068200
1279	0.220700
1280	0.423200
1281	0.263800
1282	0.370000
1283	0.337900
1284	0.172300
1285	0.957500
1286	0.121600
1287	0.382600
1288	0.230400
1289	0.086400
1290	0.756000
1291	0.252800
1292	0.256600
1293	0.280200
1294	0.390100
1295	0.090900
1296	0.133000
1297	0.134300
1298	0.225200
1299	0.112700
1300	0.127500
1301	0.192100
1302	0.348700
1303	0.313500
1304	0.296200
1305	0.528300
1306	0.329500
1307	0.183900
1308	0.407800
1309	0.400600
1310	0.252400
1311	0.250400
1312	0.586800
1313	0.695400
1314	0.678600
1315	0.255500
1316	0.456200
1317	0.272700
1318	0.257800
1319	0.513200
1320	0.530900
1321	0.387200
1322	0.292000
1323	0.169500
1324	0.475700
1325	0.271200
1326	0.113800
1327	0.147600
1328	0.350000
1329	0.173600
1330	0.329700
1331	0.187000
1332	0.415500
1333	0.292800
1334	0.328700
1335	0.314600
1336	0.231900
1337	0.987400
1338	0.168300
1339	0.119500
1340	0.467700
1341	0.119100
1342	0.518900
1343	0.096600
1344	0.429600
1345	0.138800
1346	0.197100
1347	0.551700
1348	0.571000
1349	0.344100
1350	0.662500
1351	0.221500
1352	0.306200
1353	0.134900
1354	0.252000
1355	0.244900
1356	0.647000
1357	0.271300
1358	0.582700
1359	0.331900
1360	0.520800
1361	0.264000
1362	0.398600
1363	0.260100
1364	0.343700
1365	0.204600
1366	0.238400
1367	0.543700
1368	0.517900
1369	1.025700
1370	0.270900
1371	0.323200
1372	0.256100
1373	0.214600
1374	0.142800
1375	0.356200
1376	0.188100
1377	0.363600
1378	0.405900
1379	0.254000
1380	0.334200
1381	0.378600
1382	0.324800
1383	0.275200
1384	0.106800
1385	0.526600
1386	0.142000
1387	0.315300
1388	0.402300
1389	0.749400
1390	0.137800
1391	0.423200
1392	0.478500
1393	0.156100
1394	0.197100
1395	0.325400
1396	0.257900
1397	0.256600
1398	0.242500
1399	0.443400
1400	0.272900
1401	0.470600
1402	0.147200
1403	0.217300
1404	0.289800
1405	0.316700
1406	0.474300
1407	0.188800
1408	0.271700
1409	0.531600
1410	0.193100
1411	0.138200
1412	0.449400
1413	0.400100
1414	0.604900
1415	0.511400
1416	0.377700
1417	0.326600
1418	0.207100
1419	0.361000
1420	0.386100
1421	0.388000
1422	0.163300
1423	0.181500
1424	0.461600
1425	0.325400
1426	0.343100
1427	0.227200
1428	0.266400
1429	0.620300
1430	0.337700
1431	0.404400
1432	0.561300
1433	0.493500
1434	0.087100
1435	0.150600
1436	0.145100
1437	0.503800
1438	0.235900
1439	0.167600
1440	0.178300
1441	0.395600
1442	0.433000
1443	0.222400
1444	0.258700
1445	0.233600
1446	0.137600
1447	0.157900
1448	0.159200
1449	0.380300
1450	0.262900
1451	0.175600
1452	0.652700
1453	0.099400
1454	0.715700
1455	0.107400
1456	0.293100
1457	0.202600
1458	0.087900
1459	0.284900
1460	0.195400
1461	0.405600
1462	0.547100
1463	0.436500
1464	0.435400
1465	0.173600
1466	0.325200
1467	0.291000
1468	0.122200
1469	0.431500
1470	0.184100
1471	0.140600
1472	0.419300
1473	0.152500
1474	0.283800
1475	0.445900
1476	0.572000
1477	0.416800
1478	0.448400
1479	0.315200
1480	0.540700
1481	0.229300
1482	0.696300
1483	0.076600
1484	0.238300
1485	0.170700
1486	0.307300
1487	0.424800
1488	0.241800
1489	0.136100
1490	0.160300
1491	0.320000
1492	0.093400
1493	0.268700
1494	0.203600
1495	0.257900
1496	0.347600
1497	0.176400
1498	0.333400
1499	0.391600
1500	0.151800
1501	0.251900
1502	0.053200
1503	1.031200
1504	0.232500
1505	0.219300
1506	0.222800
1507	0.495000
1508	0.322700
1509	0.600200
1510	0.138500
1511	0.411400
1512	0.334000
1513	0.125900
1514	0.157000
1515	0.627200
1516	0.753300
1517	0.215300
1518	0.148900
1519	0.157500
1520	0.057500
1521	0.457200
1522	0.672500
1523	0.295800
1524	0.502000
1525	0.398100
1526	0.565200
1527	0.301700
1528	0.162300
1529	0.260900
1530	0.076000
1531	0.188600
1532	0.234300
1533	0.313000
1534	0.901000
1535	0.630000
1536	0.543900
1537	0.502200
1538	0.101200
1539	0.115400
1540	0.165700
1541	0.344400
1542	0.144200
1543	0.102300
1544	0.283600
1545	0.140900
1546	0.219400
1547	0.346800
1548	0.108900
1549	0.555200
1550	0.415600
1551	0.188900
1552	0.260200
1553	0.536300
1554	0.399800
1555	0.240900
1556	0.468700
1557	0.105900
1558	0.242300
1559	0.116300
1560	0.363100
1561	0.183600
1562	0.374400
1563	0.290000
1564	0.169000
1565	0.373200
1566	0.124100
1567	0.085500
1568	0.213500
1569	0.187600
1570	0.122700
1571	0.452400
1572	0.292200
1573	0.428500
1574	0.358200
1575	0.364100
1576	0.320800
1577	0.367100
1578	0.124300
1579	0.270900
1580	0.148100
1581	0.219600
1582	0.388800
1583	0.186000
1584	0.583300
1585	0.476500
1586	0.324900
1587	0.457700
1588	0.830200
1589	0.366900
1590	0.207900
1591	0.346200
1592	0.649800
1593	0.093100
1594	0.393200
1595	0.248800
1596	0.035300
1597	0.369100
1598	0.336700
1599	0.144900
1600	0.217000
1601	0.334500
1602	0.336600
1603	0.547300
1604	0.318100
1605	0.356600
1606	0.359600
1607	0.210200
1608	0.019500
1609	0.891200
1610	0.238800
1611	0.234600
1612	0.462900
1613	0.333700
1614	0.397900
1615	0.361900
1616	0.386600
1617	0.579600
1618	0.276800
1619	0.448000
1620	0.423600
1621	0.105000
1622	0.446800
1623	0.374900
1624	0.228700
1625	0.168400
1626	0.327800
1627	0.346600
1628	0.511300
1629	0.139800
1630	0.176800
1631	0.280600
1632	0.300600
1633	0.249000
1634	0.166900
1635	0.414900
1636	0.276800
1637	0.164300
1638	0.053800
1639	0.252600
1640	0.127700
1641	0.445700
1642	0.047900
1643	0.217500
1644	0.256200
1645	0.317000
1646	0.589300
1647	0.081100
1648	0.996000
1649	0.145100
1650	0.095400
1651	0.517600
1652	0.249700
1653	0.352000
1654	0.194300
1655	0.211100
1656	0.179300
1657	0.157600
1658	0.477500
1659	0.333300
1660	0.042300
1661	0.064800
1662	0.304100
1663	0.290400
1664	0.076000
1665	0.307100
1666	0.182600
1667	0.175500
1668	0.193100
1669	0.073300
1670	0.509100
1671	0.479500
1672	0.157200
1673	0.154700
1674	0.072400
1675	0.245500
1676	0.071700
1677	0.277800
1678	0.211100
1679	0.229200
1680	0.136600
1681	0.414800
1682	0.339000
1683	0.143900
1684	0.773300
1685	0.110600
1686	0.225900
1687	0.902100
1688	0.448300
1689	0.446100
1690	0.054600
1691	0.078900
1692	0.153700
1693	0.124300
1694	0.648000
1695	0.155100
1696	0.153800
1697	0.516000
1698	0.316100
1699	0.334000
1700	0.265800
1701	0.084400
1702	0.338600
1703	0.294200
1704	0.241100
1705	0.371800
1706	0.085100
1707	0.240100
1708	0.483400
1709	0.363300
1710	0.293800
1711	0.252700
1712	0.202400
1713	0.248500
1714	0.131100
1715	0.221000
1716	0.716200
1717	0.268800
1718	0.441700
1719	0.285400
1720	0.050300
1721	0.417900
1722	0.266700
1723	0.113800
1724	0.302200
1725	0.782700
1726	0.064800
1727	0.130500
1728	0.254100
1729	0.328100
1730	0.324000
1731	0.119300
1732	0.087200
1733	0.222100
1734	0.151100
1735	0.142300
1736	0.244700
1737	0.175100
1738	0.069400
1739	0.619100
1740	0.167600
1741	0.074100
1742	0.305200
1743	0.255900
1744	0.223000
1745	0.470300
1746	0.154800
1747	0.128400
1748	0.219000
1749	0.378300
1750	0.100300
1751	0.153200
1752	0.417200
1753	0.144000
1754	0.172100
1755	0.272900
1756	0.923400
1757	0.348000
1758	0.231300
1759	0.218900
1760	0.094900
1761	0.143200
1762	0.239700
1763	0.233800
1764	0.240900
1765	0.136000
1766	0.078500
1767	0.088100
1768	0.325300
1769	0.108700
1770	0.067500
1771	0.404100
1772	0.244000
1773	0.046500
1774	0.181700
1775	0.102600
1776	0.212800
1777	0.596300
1778	0.388500
1779	0.382200
1780	0.089700
1781	0.627000
1782	0.211000
1783	0.105900
1784	0.200600
1785	0.288500
1786	0.137300
1787	0.058800
1788	0.329100
1789	0.729800
1790	0.400100
1791	0.282400
1792	0.275700
1793	0.067100
1794	0.335200
1795	0.354700
1796	0.405200
1797	0.209400
1798	0.358000
1799	0.260900
1800	0.305800
1801	0.120700
1802	0.321200
1803	0.163600
1804	0.084400
1805	0.020700
1806	0.328700
1807	0.074700
1808	0.178600
1809	0.244800
1810	0.141700
1811	0.167000
1812	0.187500
1813	0.066400
1814	0.132600
1815	0.077300
1816	0.369200
1817	0.121000
1818	0.165700
1819	0.260600
1820	0.434500
1821	0.049100
1822	0.097000
1823	0.400000
1824	0.233000
1825	0.348400
1826	0.612700
1827	0.155500
1828	0.274500
1829	0.481300
1830	0.172800
1831	0.539700
1832	0.136600
1833	0.316600
1834	0.477800
1835	0.225400
1836	0.042900
1837	0.627900
1838	0.578100
1839	0.427000
1840	0.412400
1841	0.345400
1842	0.075300
1843	0.623500
1844	0.321400
1845	0.374800
1846	0.187900
1847	0.409300
1848	0.456700
1849	0.078300
1850	0.540500
1851	0.132800
1852	0.128500
1853	0.261200
1854	1.351500
1855	0.395800
1856	0.283300
1857	0.129100
1858	0.080000
1859	0.162100
1860	0.089200
1861	0.151400
1862	0.111200
1863	0.181800
1864	0.276800
1865	0.246000
1866	0.428200
1867	0.157500
1868	0.318400
1869	0.176700
1870	0.048300
1871	0.372000
1872	0.374400
1873	0.160000
1874	0.222500
1875	0.268600
1876	0.406500
1877	0.281700
1878	0.176800
1879	0.160200
1880	0.227500
1881	0.305800
1882	0.239200
1883	0.048300
1884	0.031200
1885	0.410800
1886	0.213800
1887	0.337500
1888	0.239900
1889	0.557600
1890	0.464400
1891	0.326100
1892	0.095900
1893	0.391300
1894	0.548300
1895	0.597800
1896	0.182300
1897	0.345300
1898	0.116700
1899	0.156200
1900	0.279500
1901	0.219600
1902	0.602000
1903	0.292300
1904	0.203300
1905	0.343900
1906	0.275800
1907	0.158300
1908	0.115200
1909	0.142200
1910	0.849400
1911	0.539300
1912	0.301000
1913	0.329900
1914	0.183600
1915	0.087400
1916	0.611100
1917	0.386000
1918	0.158800
1919	0.203700
1920	0.113500
1921	0.544600
1922	0.504900
1923	0.094700
1924	0.171600
1925	0.349900
1926	0.436000
1927	0.120100
1928	0.594700
1929	0.106600
1930	0.116400
1931	0.303100
1932	0.266700
1933	0.078100
1934	0.272100
1935	0.107500
1936	0.155800
1937	0.117300
1938	0.079300
1939	0.148500
1940	0.319300
1941	0.335700
1942	0.228900
1943	0.275200
1944	0.704500
1945	0.194000
1946	0.105700
1947	0.052700
1948	0.276700
1949	0.085400
1950	0.282100
1951	0.965900
1952	0.045100
1953	0.160000
1954	0.276200
1955	0.104900
1956	0.423500
1957	0.998200
1958	0.273200
1959	0.364900
1960	0.163800
1961	0.278300
1962	0.377200
1963	0.168300
1964	0.128100
1965	0.399900
1966	0.343400
1967	0.519500
1968	0.383400
1969	0.114700
1970	0.376800
1971	0.144100
1972	0.153000
1973	0.309900
1974	0.047500
1975	0.482000
1976	0.301500
1977	0.172800
1978	0.345900
1979	0.075600
1980	0.103300
1981	0.326900
1982	0.560700
1983	0.175400
1984	0.213200
1985	0.192600
1986	0.058500
1987	0.247000
1988	0.395800
1989	0.148100
1990	0.280200
1991	0.496700
1992	0.430900
1993	0.137300
1994	0.168100
1995	0.326100
1996	0.197000
1997	0.485700
1998	0.542300
1999	0.238600
2000	0.126600
2001	0.095300
2002	0.237200
2003	0.306600
2004	0.150100
2005	0.278400
2006	0.386400
2007	0.062800
2008	0.302900
2009	0.079800
2010	0.027700
2011	0.294900
2012	0.155500
2013	0.065100
2014	0.408200
2015	0.153800
2016	0.213200
2017	0.344200
2018	0.144600
2019	0.161200
2020	0.205800
2021	0.241800
2022	0.057800
2023	0.042500
2024	0.215500
2025	0.133600
2026	0.367900
2027	0.339900
2028	0.541100
2029	0.145700
2030	0.312100
2031	0.026700
2032	0.033400
2033	0.111900
2034	0.013300
2035	0.054600
2036	0.045800
2037	0.021500
2038	0.085900
2039	0.173800
2040	0.207200
2041	0.101400
2042	0.271200
2043	0.304700
2044	0.025700
2045	0.107000
2046	0.022100
2047	0.044400
2048	0.296000
2049	0.194900
2050	0.186900
2051	0.398000
2052	0.171700
2053	0.068500
2054	0.070600
2055	0.034300
2056	0.062200
2057	0.144500
2058	0.064500
2059	0.208300
2060	0.073200
2061	0.070100
2062	0.171900
2063	0.071200
2064	0.041900
2065	0.170900
2066	0.043700
2067	0.179200
2068	0.241300
2069	0.064300
2070	0.189800
2071	0.065700
2072	0.287300
2073	0.149200
2074	0.127600
2075	0.056100
2076	0.076800
2077	0.320200
2078	0.222800
2079	0.019000
2080	0.175500
2081	0.202700
2082	0.087800
2083	0.279800
2084	0.173200
2085	0.500700
2086	0.113600
2087	0.145400
2088	0.211900
2089	0.383200
2090	0.034300
2091	0.084100
2092	0.171700
2093	0.149700
2094	0.112700
2095	0.219700
2096	0.631800
2097	0.469200
2098	0.082900
2099	0.036100
2100	0.174400
2101	0.079700
2102	0.357100
2103	0.336800
2104	0.061600
2105	0.162600
2106	1.130500
2107	0.239300
2108	0.029900
2109	0.310800
2110	0.410500
2111	0.201400
2112	0.172000
2113	0.332600
2114	0.077500
2115	0.286600
2116	0.030600
2117	0.237100
2118	0.010500
2119	0.117200
2120	0.180300
2121	0.234400
2122	0.078600
2123	0.307800
2124	0.081500
2125	0.057000
2126	0.430100
2127	0.361000
2128	0.224700
2129	0.024200
2130	0.276300
2131	0.313000
2132	0.179600
2133	0.280400
2134	0.631500
2135	0.030800
2136	0.062900
2137	0.242000
2138	0.108300
2139	0.067400
2140	0.177000
2141	0.078800
2142	0.194800
2143	0.014600
2144	0.215400
2145	0.245800
2146	0.014700
2147	0.425700
2148	0.018400
2149	0.270200
2150	0.239800
2151	0.082400
2152	0.204100
2153	0.171400
2154	0.137400
2155	0.492900
2156	0.121100
2157	0.141700
2158	0.235000
2159	0.116000
2160	0.255800
2161	0.093800
2162	0.041200
2163	0.282200
2164	0.089000
2165	0.017700
2166	0.168000
2167	0.067100
2168	0.137800
2169	0.010400
2170	0.106600
2171	0.157100
2172	0.099100
2173	0.200300
2174	0.356900
2175	0.318800
2176	0.085900
2177	0.037500
2178	0.268500
2179	0.166300
2180	0.094600
2181	0.038900
2182	0.207200
2183	0.050600
2184	0.358500
2185	0.271500
2186	0.032800
2187	0.175200
2188	0.076000
2189	0.104100
2190	0.143200
2191	0.187700
2192	0.213000
2193	0.316300
2194	0.062100
2195	0.035300
2196	0.024700
2197	0.121000
2198	0.151600
2199	0.367200
2200	0.014400
2201	0.151300
2202	0.131400
2203	0.288000
2204	0.157900
2205	0.229600
2206	0.212000
2207	0.172800
2208	0.447600
2209	0.092300
2210	0.152600
2211	0.121100
2212	0.070800
2213	0.158700
2214	0.181200
2215	0.107300
2216	0.758700
2217	0.136700
2218	0.128500
2219	0.332900
2220	0.221100
2221	0.241200
2222	0.046300
2223	0.301400
2224	0.101500
2225	0.399800
2226	0.084400
2227	0.134800
2228	0.311300
2229	0.130800
2230	0.330200
2231	0.162000
2232	0.606400
2233	0.298500
2234	0.198500
2235	0.152900
2236	0.573500
2237	0.118900
2238	0.052100
2239	0.272400
2240	0.089500
2241	0.531100
2242	0.096000
2243	0.357800
2244	0.168100
2245	0.134400
2246	0.287800
2247	0.047100
2248	0.106400
2249	0.071700
2250	0.243200
2251	0.031400
2252	0.187500
2253	0.057300
2254	0.427200
2255	0.139900
2256	0.197200
2257	0.101800
2258	0.237900
2259	0.146600
2260	0.058800
2261	0.162100
2262	0.042000
2263	0.178800
2264	0.072500
2265	0.059700
2266	0.211500
2267	0.039400
2268	0.328700
2269	0.327600
2270	0.951400
2271	0.115600
2272	0.089400
2273	0.128100
2274	0.202300
2275	0.124200
2276	0.091600
2277	0.081100
2278	0.054300
2279	0.147000
2280	0.146500
2281	0.072800
2282	0.164400
2283	0.250400
2284	0.364400
2285	0.141500
2286	0.238600
2287	0.038700
2288	0.367200
2289	0.389100
2290	0.174400
2291	0.303300
2292	0.087700
2293	0.300300
2294	0.216700
2295	0.180000
2296	0.089100
2297	0.234100
2298	0.164000
2299	0.450300
2300	0.032000
2301	0.022600
2302	0.023800
2303	0.182700
2304	0.246000
2305	0.135900
2306	0.211200
2307	0.309800
2308	0.222700
2309	0.226600
2310	0.436300
2311	0.039200
2312	0.061900
2313	0.072300
2314	0.322300
2315	0.105800
2316	0.121400
2317	0.022400
2318	0.199200
2319	0.095400
2320	0.144700
2321	0.398100
2322	0.076000
2323	0.276700
2324	0.136300
2325	0.337100
2326	0.266800
2327	0.203600
2328	0.288500
2329	0.077000
2330	0.059700
2331	0.112000
2332	0.095800
2333	0.086500
2334	0.174400
2335	0.322300
2336	0.126800
2337	0.427800
2338	0.067200
2339	0.454300
2340	0.171900
2341	0.193300
2342	0.076500
2343	0.138700
2344	0.147200
2345	0.048300
2346	0.071400
2347	0.112000
2348	0.034900
2349	0.102200
2350	0.101200
2351	0.049300
2352	0.046900
2353	0.303100
2354	0.270100
2355	0.038500
2356	0.198300
2357	0.228300
2358	0.261000
2359	0.129200
2360	0.389800
2361	0.054600
2362	0.218000
2363	0.081000
2364	0.099200
2365	0.175800
2366	0.206400
2367	0.264300
2368	0.290900
2369	0.193000
2370	0.184700
2371	0.404700
2372	0.451300
2373	0.569400
2374	0.313500
2375	0.301300
2376	0.082900
2377	0.169300
2378	0.205400
2379	0.095700
2380	0.079700
2381	0.080200
2382	0.036700
2383	0.164500
2384	0.171100
2385	0.524200
2386	0.278300
2387	0.047400
2388	0.032900
2389	0.339500
2390	0.057900
2391	0.293900
2392	0.205700
2393	0.135000
2394	0.383000
2395	0.131900
2396	0.169900
2397	0.438000
2398	0.161400
2399	0.080800
2400	0.097300
2401	0.166800
2402	0.060100
2403	0.295400
2404	0.111700
2405	0.230800
2406	0.181700
2407	0.164500
2408	0.330000
2409	0.123400
2410	0.089700
2411	0.043000
2412	0.042300
2413	0.183600
2414	0.382100
2415	0.585400
2416	0.185800
2417	0.155000
2418	0.269500
2419	0.640600
2420	0.009300
2421	0.291900
2422	0.056800
2423	0.029400
2424	0.306100
2425	0.224100
2426	0.087000
2427	0.259200
2428	0.221500
2429	0.059800
2430	0.162900
2431	0.047300
2432	0.050900
2433	0.124200
2434	0.119500
2435	0.050400
2436	0.302800
2437	0.235500
2438	0.041900
2439	0.051400
2440	0.025700
2441	0.174700
2442	0.033900
2443	0.265500
2444	0.252000
2445	0.029800
2446	0.123400
2447	0.042400
2448	0.428400
2449	0.478500
2450	0.223100
2451	0.172300
2452	0.362400
2453	0.029200
2454	0.088100
2455	0.137600
2456	0.105100
2457	0.298500
2458	0.113800
2459	0.120900
2460	0.038100
2461	0.161700
2462	0.200600
2463	0.129500
2464	0.393000
2465	0.310900
2466	0.120400
2467	0.334500
2468	0.174100
2469	0.443000
2470	0.057100
2471	0.114800
2472	0.035100
2473	0.262500
2474	0.163400
2475	0.293000
2476	0.119800
2477	0.241600
2478	0.023500
2479	0.197900
2480	0.134200
2481	0.102800
2482	0.056000
2483	0.152400
2484	0.078100
2485	0.161800
2486	0.206100
2487	0.598100
2488	0.355100
2489	0.043600
2490	0.441300
2491	0.328200
2492	0.030200
2493	0.266300
2494	0.332900
2495	0.287100
2496	0.131400
2497	0.083100
2498	0.608900
2499	0.096900
2500	0.339200
2501	0.291300
2502	0.103500
2503	0.194700
2504	0.076100
2505	0.099000
2506	0.132400
2507	0.050900
2508	0.308300
2509	0.078800
2510	0.586600
2511	0.019300
2512	0.091700
2513	0.191400
2514	0.042700
2515	0.044900
2516	0.571400
2517	0.162000
2518	0.102700
2519	0.070700
2520	0.024200
2521	0.255700
2522	0.161800
2523	0.430000
2524	0.048800
2525	0.109800
2526	0.071000
2527	0.054800
2528	0.195900
2529	0.120700
2530	0.172700
2531	0.858500
2532	0.192600
2533	0.293000
2534	0.266900
2535	0.061100
2536	0.586600
2537	0.102400
2538	0.042600
2539	0.142800
2540	0.144000
2541	0.066500
2542	0.226900
2543	0.050300
2544	0.173500
2545	0.046800
2546	0.233300
2547	0.288500
2548	0.056500
2549	0.127500
2550	0.198800
2551	0.352900
2552	0.223300
2553	0.219500
2554	0.293500
2555	0.249200
2556	0.020500
2557	0.098800
2558	0.068300
2559	0.025800
2560	0.020000
2561	0.232400
2562	0.218600
2563	0.169300
2564	0.053800
2565	0.096600
2566	0.213800
2567	0.147400
2568	0.066800
2569	0.465200
2570	0.218800
2571	0.081900
2572	0.075400
2573	0.063400
2574	0.168200
2575	0.181100
2576	0.216100
2577	0.103800
2578	0.395100
2579	0.187700
2580	0.170200
2581	0.114200
2582	0.053400
2583	0.284700
2584	0.294300
2585	0.055200
2586	0.149200
2587	0.541900
2588	0.079500
2589	0.201100
2590	0.037400
2591	0.041900
2592	0.097600
2593	0.557900
2594	0.148700
2595	0.093500
2596	0.127800
2597	0.196600
2598	0.062600
2599	0.037600
2600	0.199300
