1	7.652900
2	6.479200
3	7.249900
4	6.333400
5	5.657100
6	4.513600
7	3.300100
8	3.269600
9	2.164700
10	1.676900
11	2.077600
12	1.307400
13	1.187100
14	1.333700
15	0.786800
16	1.147200
17	0.940000
18	0.869800
19	1.442400
20	1.213800
21	1.155500
22	1.230000
23	1.305800
24	0.998500
25	1.107500
26	0.913100
27	0.931400
28	0.905700
29	0.631100
30	1.022000
31	1.200300
32	0.737900
33	0.679500
34	1.053400
35	1.084000
36	0.821200
37	0.853000
38	1.283600
39	0.685300
40	0.568800
41	0.604400
42	0.932800
43	0.924600
44	1.097200
45	1.541100
46	0.891200
47	0.569000
48	0.800300
49	0.669100
50	1.333400
51	0.700300
52	1.395300
53	0.925900
54	0.720500
55	0.904300
56	0.613800
57	0.835100
58	0.809900
59	0.981100
60	0.748600
61	1.153100
62	0.921400
63	0.832000
64	0.809900
65	1.183800
66	1.071400
67	0.741800
68	1.121900
69	0.777900
70	1.093300
71	0.908000
72	0.640400
73	1.192300
74	1.008300
75	0.659000
76	0.605700
77	1.375100
78	1.169900
79	0.393100
80	1.218600
81	1.022700
82	1.073900
83	0.638400
84	1.380200
85	0.792300
86	0.909000
87	0.852900
88	0.812700
89	1.054400
90	0.834200
91	0.787900
92	0.954300
93	0.667400
94	0.727700
95	0.821700
96	1.248400
97	0.659600
98	0.661600
99	1.295400
100	0.862800
101	0.809300
102	1.279800
103	0.474600
104	0.853500
105	0.386200
106	0.377100
107	0.687200
108	0.632700
109	0.492500
110	0.871200
111	0.801500
112	0.560200
113	0.631500
114	1.530600
115	0.904300
116	0.986700
117	0.607900
118	0.926900
119	1.082400
120	0.449400
121	0.405900
122	0.670000
123	0.689600
124	0.967400
125	0.688600
126	0.397300
127	0.737700
128	0.477600
129	0.894700
130	0.648700
131	1.126500
132	0.646100
133	0.853800
134	0.577800
135	0.512300
136	0.625600
137	1.076200
138	0.706700
139	0.596300
140	0.528300
141	0.915200
142	0.708200
143	0.871800
144	0.843000
145	1.040600
146	0.595900
147	0.998600
148	0.993600
149	1.058800
150	0.485000
151	0.778800
152	0.662300
153	0.776200
154	0.659400
155	0.922100
156	0.866200
157	0.862900
158	0.766400
159	0.794400
160	0.694800
161	0.767300
162	0.780800
163	0.820500
164	0.746600
165	0.855200
166	0.834300
167	1.057300
168	0.755500
169	0.307300
170	1.528000
171	0.440900
172	0.684400
173	0.962300
174	1.145300
175	1.066200
176	0.975000
177	0.920600
178	0.395600
179	0.610600
180	1.143700
181	0.827700
182	0.619800
183	0.878200
184	0.747700
185	0.819200
186	0.591200
187	0.860300
188	0.693400
189	0.779800
190	0.830000
191	0.607100
192	0.895000
193	0.699900
194	0.394500
195	0.639800
196	0.747200
197	0.678700
198	0.508500
199	0.559500
200	0.727400
201	1.090800
202	0.847000
203	0.815600
204	0.879300
205	0.459500
206	0.694800
207	0.556800
208	0.708500
209	1.158000
210	0.955400
211	0.781500
212	0.841200
213	0.525700
214	0.768600
215	0.578500
216	0.369400
217	0.739100
218	0.817200
219	0.598700
220	0.976300
221	0.449500
222	0.550600
223	0.585200
224	0.735300
225	0.603700
226	0.599800
227	0.636500
228	0.616900
229	0.817000
230	0.862500
231	1.012700
232	0.989800
233	0.584800
234	0.736300
235	0.605400
236	0.915200
237	0.582800
238	0.614800
239	0.416200
240	0.556000
241	0.846800
242	0.171900
243	0.639100
244	0.559000
245	0.678000
246	0.518100
247	0.734700
248	0.500500
249	0.790200
250	0.382400
251	0.499600
252	0.383900
253	0.623700
254	0.286400
255	0.695200
256	0.732200
257	0.954200
258	0.820900
259	0.390400
260	0.527000
261	0.583100
262	1.540900
263	0.701800
264	0.777900
265	0.680900
266	0.273800
267	0.351300
268	0.643300
269	0.610100
270	0.395400
271	0.798900
272	0.492600
273	0.523800
274	0.643400
275	0.715200
276	0.894900
277	0.664000
278	0.392900
279	0.446700
280	0.438700
281	0.568000
282	0.496200
283	0.707500
284	0.470200
285	0.612300
286	1.248700
287	0.544800
288	0.453500
289	0.762200
290	0.626600
291	0.522800
292	0.787200
293	0.837200
294	0.315600
295	0.359000
296	0.597500
297	0.948700
298	0.610000
299	0.903500
300	0.796500
301	0.531200
302	0.614200
303	0.805700
304	0.947700
305	0.478500
306	0.407200
307	0.336000
308	0.395400
309	0.728000
310	0.441900
311	0.743400
312	0.490000
313	0.527500
314	0.407200
315	0.397800
316	0.524600
317	0.538900
318	0.600900
319	0.399500
320	0.207500
321	1.007200
322	0.596000
323	0.437400
324	0.452600
325	0.602900
326	0.734700
327	0.530900
328	0.239500
329	0.403000
330	0.415100
331	0.848200
332	0.462600
333	0.812100
334	0.653100
335	0.664600
336	0.545600
337	0.461200
338	0.728300
339	0.924200
340	0.375400
341	0.445200
342	0.792000
343	0.816800
344	0.369000
345	0.908900
346	0.553000
347	0.462700
348	0.756900
349	0.809700
350	0.380300
351	0.383800
352	0.494400
353	0.600500
354	0.921900
355	0.585800
356	0.412400
357	0.722700
358	0.253400
359	0.576000
360	0.664100
361	0.642100
362	0.395000
363	0.982100
364	0.328000
365	0.431900
366	0.652500
367	0.917900
368	0.645000
369	0.510100
370	0.397500
371	0.613500
372	0.512400
373	0.496900
374	0.464200
375	0.291200
376	0.227600
377	0.405400
378	0.494800
379	0.968400
380	0.279500
381	0.525800
382	0.362400
383	1.102600
384	0.534600
385	0.853900
386	0.536800
387	0.753200
388	0.410700
389	0.691000
390	0.691700
391	0.325000
392	0.831500
393	0.779300
394	0.750100
395	0.136000
396	0.370700
397	0.965600
398	0.658300
399	0.642000
400	0.611400
401	0.970400
402	0.888500
403	0.678100
404	0.356700
405	0.414100
406	0.672800
407	0.383000
408	0.440600
409	0.877400
410	0.627000
411	0.745900
412	0.660500
413	0.456200
414	0.428800
415	0.385000
416	0.566700
417	0.468400
418	0.655600
419	0.494200
420	0.394800
421	0.971100
422	0.355800
423	0.375600
424	0.767700
425	0.755200
426	0.659000
427	0.566700
428	0.989500
429	0.574400
430	0.559500
431	0.518400
432	0.472000
433	0.407300
434	0.813300
435	0.463300
436	0.183900
437	0.622700
438	0.762000
439	0.747400
440	0.311300
441	0.599200
442	0.384000
443	0.418100
444	0.274700
445	0.607200
446	0.363100
447	0.894300
448	0.769000
449	0.313300
450	0.817300
451	0.640600
452	0.712100
453	0.647900
454	0.609400
455	0.514300
456	0.581300
457	0.592000
458	0.387500
459	0.576600
460	0.782300
461	0.276000
462	0.373200
463	0.550200
464	0.420000
465	0.353800
466	0.234900
467	0.346500
468	0.438400
469	0.674200
470	0.329400
471	0.318400
472	0.288100
473	0.639500
474	0.546200
475	0.411200
476	0.548900
477	0.532400
478	0.494300
479	0.371500
480	0.522900
481	0.495000
482	0.245000
483	0.139300
484	0.530700
485	0.161500
486	0.428000
487	0.793400
488	0.388000
489	0.543700
490	0.177600
491	0.079200
492	0.836100
493	0.916900
494	0.642200
495	0.710900
496	0.325200
497	0.792100
498	0.700500
499	0.820700
500	0.531700
501	0.710300
502	0.757200
503	0.410400
504	0.279700
505	0.305600
506	0.579800
507	1.043300
508	0.418000
509	0.635400
510	0.506700
511	0.225700
512	0.356900
513	0.332200
514	0.331600
515	0.345700
516	0.550300
517	0.368100
518	0.408100
519	0.489800
520	0.381100
521	0.739600
522	0.623400
523	0.463900